{
 "metadata": {
  "language_info": {
   "codemirror_mode": {
    "name": "ipython",
    "version": 3
   },
   "file_extension": ".py",
   "mimetype": "text/x-python",
   "name": "python",
   "nbconvert_exporter": "python",
   "pygments_lexer": "ipython3",
   "version": "3.7.4-final"
  },
  "orig_nbformat": 2,
  "kernelspec": {
   "name": "python3",
   "display_name": "Python 3"
  }
 },
 "nbformat": 4,
 "nbformat_minor": 2,
 "cells": [
  {
   "cell_type": "code",
   "execution_count": 1,
   "metadata": {},
   "outputs": [],
   "source": [
    "import numpy as np"
   ]
  },
  {
   "cell_type": "code",
   "execution_count": 2,
   "metadata": {},
   "outputs": [],
   "source": [
    "# 32 * 32 * 3(rgb)"
   ]
  },
  {
   "cell_type": "code",
   "execution_count": 12,
   "metadata": {},
   "outputs": [],
   "source": [
    "def unpickle(file):\n",
    "    import pickle\n",
    "    with open(file, 'rb') as fo:\n",
    "        dict = pickle.load(fo, encoding='bytes')\n",
    "    return dict"
   ]
  },
  {
   "cell_type": "code",
   "execution_count": 13,
   "metadata": {},
   "outputs": [],
   "source": [
    "pathname = \"cifar-10-batches-py\""
   ]
  },
  {
   "cell_type": "code",
   "execution_count": 14,
   "metadata": {},
   "outputs": [],
   "source": [
    "def get_labelnames(dict):\n",
    "    return [item.decode(\"utf8\") for item in dict[b\"label_names\"]]"
   ]
  },
  {
   "cell_type": "code",
   "execution_count": 15,
   "metadata": {},
   "outputs": [],
   "source": [
    "def mean_squared_error(y,t):\n",
    "    return np.sum((y-t)**2)/2"
   ]
  },
  {
   "cell_type": "code",
   "execution_count": 16,
   "metadata": {},
   "outputs": [],
   "source": [
    "def cross_entropy_error(y,t):\n",
    "    delta = 1e-7 # log(0)を防ぐため\n",
    "    if y.ndim == 1:\n",
    "        y = y.reshape(1,y.size)\n",
    "        t = t.reshape(1,t.size)\n",
    "    batch_size = y.shape[0]\n",
    "    return -np.sum(t*np.log(y+delta))/batch_size"
   ]
  },
  {
   "cell_type": "code",
   "execution_count": 17,
   "metadata": {},
   "outputs": [],
   "source": [
    "def numerical_diff(f,x):\n",
    "    h = 1e-4\n",
    "    return (f(x+h)-f(x-h))/(2*h) "
   ]
  },
  {
   "cell_type": "code",
   "execution_count": 18,
   "metadata": {},
   "outputs": [],
   "source": [
    "def numerical_gradient(f,x):\n",
    "    h = 1e-4\n",
    "    grad = np.zeros(x.shape)\n",
    "    for i in range(len(x)):\n",
    "        tmp = x[i]\n",
    "        x[i] = x[i] + h\n",
    "        fxhp = f(x)\n",
    "        x[i] = tmp\n",
    "        x[i] = x[i] - h\n",
    "        fxhm = f(x)\n",
    "        grad[i] = (fxhp - fxhm)/(2*h)\n",
    "    return grad"
   ]
  },
  {
   "cell_type": "code",
   "execution_count": 19,
   "metadata": {},
   "outputs": [],
   "source": [
    "labelname = get_labelnames(unpickle(pathname+\"/batches.meta\"))"
   ]
  },
  {
   "cell_type": "code",
   "execution_count": 20,
   "metadata": {},
   "outputs": [],
   "source": [
    "data_arr = []\n",
    "label_arr = []\n",
    "DATA_BATCH_NUM = 5\n",
    "for i in range(DATA_BATCH_NUM):\n",
    "    data_batch = unpickle(pathname+\"/data_batch_{}\".format(i+1))\n",
    "    data_arr.extend(data_batch[b'data'])\n",
    "    label_arr += data_batch[b'labels']\n",
    "data_arr = np.array(data_arr)\n",
    "label_arr = np.array(label_arr)"
   ]
  },
  {
   "cell_type": "code",
   "execution_count": 21,
   "metadata": {},
   "outputs": [
    {
     "output_type": "execute_result",
     "data": {
      "text/plain": "array([[ 59,  43,  50, ..., 140,  84,  72],\n       [154, 126, 105, ..., 139, 142, 144],\n       [255, 253, 253, ...,  83,  83,  84],\n       ...,\n       [ 35,  40,  42, ...,  77,  66,  50],\n       [189, 186, 185, ..., 169, 171, 171],\n       [229, 236, 234, ..., 173, 162, 161]], dtype=uint8)"
     },
     "metadata": {},
     "execution_count": 21
    }
   ],
   "source": [
    "data_arr"
   ]
  },
  {
   "cell_type": "code",
   "execution_count": 22,
   "metadata": {},
   "outputs": [],
   "source": [
    "import numpy as np"
   ]
  },
  {
   "cell_type": "code",
   "execution_count": 23,
   "metadata": {},
   "outputs": [],
   "source": [
    "def sigmoid(x):\n",
    "    return np.exp(x)/np.sum(np.exp(x))"
   ]
  },
  {
   "cell_type": "code",
   "execution_count": null,
   "metadata": {},
   "outputs": [],
   "source": [
    "class TwoLayerNeuralNet():\n",
    "    def __init__(self,input_size=3072,hidden_size=20,output_size=10):\n",
    "        self.params = {}\n",
    "        self.params[\"W1\"] = np.random.randn(input_size,hidden_size) * 0.001\n",
    "        self.params[\"B1\"] = np.zeros(hidden_size)\n",
    "        self.params[\"W2\"] = np.random.randn(hidden_size,output_size) * 0.001\n",
    "        self.params[\"B2\"] = np.zeros(output_size)\n",
    "    def predict(self,x):\n",
    "        W1,W2 = self.params[\"W1\"],self.params[\"W2\"]\n",
    "        B1,B2 = self.params[\"B1\"],self.params[\"B2\"]\n",
    "        A1 = np.dot(x,W1) + B1\n",
    "        Z1 = sigmoid(A1)\n",
    "        A2 = np.dot(Z1,W2) + B2\n",
    "        Z2 = sigmoid(A2)\n",
    "        return Z2"
   ]
  },
  {
   "cell_type": "code",
   "execution_count": null,
   "metadata": {},
   "outputs": [],
   "source": [
    "nn = TwoLayerNeuralNet()"
   ]
  },
  {
   "cell_type": "code",
   "execution_count": 39,
   "metadata": {
    "tags": []
   },
   "outputs": [
    {
     "output_type": "stream",
     "name": "stdout",
     "text": "[0.10012557 0.10003985 0.10003961 0.10001406 0.10009648 0.09992756\n 0.09994454 0.09990303 0.10000159 0.09990771]\n[0.10022672 0.10001635 0.10004432 0.0999542  0.1001272  0.09987316\n 0.09994476 0.099907   0.10005026 0.09985603]\n[0.09995268 0.09992844 0.09992131 0.10011754 0.09988754 0.1001433\n 0.10004523 0.09995238 0.09999714 0.10005443]\n[0.10022079 0.10001863 0.10004655 0.09995706 0.10012497 0.09987433\n 0.0999432  0.09990689 0.10005072 0.09985688]\n[0.10021541 0.10001469 0.10004306 0.09996006 0.10011824 0.0998807\n 0.0999444  0.09990823 0.10005342 0.09986179]\n[0.1000535  0.10008625 0.09999897 0.10011214 0.1000482  0.09997157\n 0.09992556 0.09988813 0.10001058 0.09990509]\n[0.1002259  0.10001715 0.10004718 0.09995355 0.10012651 0.09987169\n 0.09994339 0.099907   0.10005311 0.09985452]\n[0.09994964 0.09998459 0.10009718 0.1000034  0.1000741  0.10003447\n 0.09999795 0.09992448 0.09985146 0.10008272]\n[0.10019828 0.10001214 0.10004461 0.09996561 0.10011347 0.0998925\n 0.09994608 0.09990885 0.1000427  0.09987574]\n[0.10007795 0.09998433 0.09997362 0.10002038 0.10001999 0.09999925\n 0.10002292 0.09993042 0.09999378 0.09997735]\n[0.10015334 0.10000609 0.10004696 0.09997359 0.10010584 0.09992244\n 0.09996138 0.09991288 0.09999923 0.09991824]\n[0.09995008 0.09992813 0.09992169 0.10011802 0.09988697 0.10014487\n 0.10004579 0.09995262 0.09999515 0.10005668]\n[0.10019773 0.10001398 0.1000526  0.09995852 0.10012208 0.09988745\n 0.09994849 0.09990972 0.10003113 0.09987829]\n[0.09993439 0.09998612 0.1001018  0.1000067  0.1000811  0.10003586\n 0.09999642 0.09993271 0.09982563 0.10009926]\n[0.10008967 0.10001267 0.1000307  0.10006041 0.10005289 0.09998367\n 0.09984066 0.09986974 0.10010871 0.0999509 ]\n[0.10019035 0.10000583 0.10003172 0.0999744  0.10009643 0.09990637\n 0.099956   0.09991287 0.10004527 0.09988075]\n[0.10018766 0.10000436 0.10002908 0.0999767  0.10009243 0.09990999\n 0.09995788 0.09991368 0.10004567 0.09988255]\n[0.10015641 0.09999959 0.10002182 0.09997665 0.10010674 0.09993985\n 0.09997872 0.09990656 0.09998616 0.09992751]\n[0.10021462 0.10001345 0.10004324 0.09995693 0.10011664 0.09988306\n 0.09994942 0.09990929 0.10004725 0.09986609]\n[0.10017502 0.10001495 0.10004826 0.09998422 0.10010924 0.09990661\n 0.09992038 0.09989938 0.1000525  0.09988945]\n[0.10017734 0.10001164 0.10005584 0.09996271 0.10011812 0.09989939\n 0.09995222 0.0999114  0.10001614 0.09989518]\n[0.09997831 0.09998821 0.10005362 0.10001313 0.10003983 0.100039\n 0.10000893 0.09993096 0.09988008 0.10006793]\n[0.10020042 0.10001436 0.10004575 0.0999605  0.10011519 0.0998894\n 0.09995084 0.09990786 0.10004372 0.09987195]\n[0.10010673 0.09998813 0.10001995 0.09995372 0.10004499 0.09999436\n 0.10002437 0.09992102 0.0999296  0.10001712]\n[0.10003645 0.10000605 0.10006247 0.10000344 0.10007925 0.09998144\n 0.09997762 0.09992195 0.09993586 0.09999547]\n[0.10014832 0.09998496 0.10000832 0.09990363 0.10003259 0.09998991\n 0.10005691 0.09992697 0.09990819 0.1000402 ]\n[0.10019012 0.10000417 0.10002863 0.09995341 0.1000859  0.09992593\n 0.09997961 0.09991538 0.10000603 0.09991081]\n[0.10007402 0.10004803 0.09999149 0.10006846 0.10005422 0.09999183\n 0.09996129 0.09988028 0.09999726 0.09993312]\n[0.10004297 0.09999656 0.10007877 0.09998641 0.10009391 0.09997664\n 0.09997893 0.09992412 0.09991222 0.10000947]\n[0.1002204  0.10001499 0.10004449 0.09995656 0.10012119 0.09987745\n 0.09994582 0.09990815 0.10005202 0.09985894]\n[0.100185   0.10001273 0.10005521 0.09996064 0.10012042 0.09989443\n 0.09995088 0.09991084 0.1000208  0.09988904]\n[0.10011329 0.09998082 0.09999514 0.1000207  0.1000295  0.09998334\n 0.09998572 0.09992578 0.10002777 0.09993794]\n[0.10004265 0.09999778 0.10007921 0.09998919 0.10009495 0.09997591\n 0.09997647 0.09992314 0.09991368 0.100007  ]\n[0.10019231 0.10001089 0.10004801 0.09996124 0.10011707 0.09989725\n 0.09995354 0.09990642 0.10002974 0.09988352]\n[0.10003901 0.09999748 0.10008302 0.09998717 0.10009742 0.09997641\n 0.09997713 0.09992347 0.09990753 0.10001136]\n[0.10022735 0.10001712 0.10004713 0.09995285 0.10012681 0.09987078\n 0.09994328 0.09990715 0.10005382 0.09985371]\n[0.10001795 0.09999505 0.10008656 0.09999118 0.10009354 0.09998858\n 0.0999813  0.09992535 0.09989163 0.10002887]\n[0.10013717 0.10001958 0.10002159 0.09998517 0.10008609 0.09993755\n 0.09997516 0.09991112 0.10000459 0.09992199]\n[0.09997716 0.0999593  0.10000064 0.10005897 0.09998398 0.10007367\n 0.10001616 0.09994025 0.0999421  0.10004777]\n[0.10022216 0.10001677 0.10004602 0.09995527 0.10012498 0.09987435\n 0.09994449 0.09990762 0.10005072 0.09985762]\n[0.1001448  0.09999223 0.10002232 0.09999265 0.10006229 0.09994946\n 0.09997309 0.09991294 0.10003779 0.09991244]\n[0.10013955 0.10000725 0.10006228 0.09996724 0.10011071 0.09992206\n 0.09996188 0.09991524 0.09998352 0.09993027]\n[0.10019754 0.10001337 0.10005097 0.09995854 0.10012009 0.09988905\n 0.09995    0.09991002 0.10003082 0.09987959]\n[0.09994854 0.09998666 0.10009717 0.09999724 0.10007611 0.10003194\n 0.10000153 0.09993279 0.09983232 0.1000957 ]\n[0.10008411 0.09999528 0.10002094 0.09999739 0.10005482 0.0999619\n 0.0999946  0.09993709 0.09999044 0.09996344]\n[0.10013103 0.09999063 0.10002305 0.09996501 0.10005059 0.09996511\n 0.10000045 0.0999241  0.09998452 0.0999655 ]\n[0.1002267  0.10001708 0.1000473  0.0999531  0.10012688 0.09987108\n 0.09994327 0.09990713 0.10005339 0.09985408]\n[0.10020029 0.10001414 0.10005055 0.09996053 0.10012015 0.09988762\n 0.09994508 0.09990765 0.1000391  0.09987489]\n[0.09997364 0.09999063 0.1000956  0.09999878 0.10008745 0.10001295\n 0.09998928 0.09992933 0.09985604 0.10006629]\n[0.0999883  0.09998858 0.10008689 0.0999816  0.10007347 0.10001615\n 0.10000406 0.09993086 0.09985515 0.10007493]\n[0.10008224 0.10000285 0.10007292 0.09998048 0.10010283 0.09995264\n 0.0999691  0.09991899 0.09994447 0.09997349]\n[0.09994624 0.09998937 0.10009895 0.10000592 0.10008186 0.10002844\n 0.09999369 0.09993123 0.09983672 0.10008757]\n[0.09993626 0.09998849 0.10010115 0.10000795 0.10008019 0.10003427\n 0.09999525 0.09993148 0.09982934 0.10009562]\n[0.10001652 0.09999476 0.10008674 0.09999142 0.10009299 0.09998962\n 0.09998184 0.09992535 0.0998908  0.10002996]\n[0.10012488 0.10000437 0.10004804 0.09996657 0.10009708 0.09993744\n 0.0999772  0.0999149  0.09999368 0.09993583]\n[0.10020124 0.10001136 0.10004035 0.09996735 0.1001106  0.09989336\n 0.09994633 0.09990876 0.10004737 0.09987329]\n[0.10005011 0.09998591 0.10005783 0.09993103 0.10003745 0.10001335\n 0.10004108 0.09993304 0.0998694  0.10008081]\n[0.09995862 0.0999812  0.10007491 0.10001734 0.1000561  0.10003951\n 0.09999706 0.09993323 0.09986878 0.10007325]\n[0.10007206 0.10000112 0.10007552 0.09998168 0.10010177 0.09995862\n 0.09997172 0.09992051 0.09993298 0.09998403]\n[0.10022768 0.10001718 0.10004718 0.09995289 0.10012707 0.09987047\n 0.09994304 0.09990709 0.10005414 0.09985326]\n[0.1000242  0.09995177 0.09995438 0.1000743  0.09995042 0.10007183\n 0.1000187  0.09994066 0.1000115  0.10000223]\n[0.10022614 0.10001625 0.10004402 0.09995458 0.10012665 0.09987379\n 0.09994497 0.09990704 0.10005001 0.09985655]\n[0.10022558 0.10001686 0.10004705 0.09995353 0.10012669 0.099872\n 0.09994355 0.09990722 0.10005225 0.09985528]\n[0.10016601 0.10001028 0.10005724 0.09996461 0.10011567 0.09990558\n 0.09995447 0.09991297 0.10000858 0.09990458]\n[0.10021663 0.10001602 0.10004893 0.09995516 0.1001251  0.09987688\n 0.09994504 0.09990801 0.10004578 0.09986245]\n[0.10018919 0.09999085 0.09995038 0.09999596 0.10012321 0.09995639\n 0.10000429 0.09991036 0.09993315 0.09994621]\n[0.09997333 0.09999082 0.10009379 0.09999781 0.10008639 0.10001329\n 0.09999099 0.09992993 0.09985748 0.10006618]\n[0.09996755 0.09994071 0.09995028 0.10009434 0.09992492 0.10011379\n 0.10003323 0.09994731 0.09998065 0.10004722]\n[0.09994097 0.09998759 0.10010093 0.10000532 0.10008125 0.10003174\n 0.09999462 0.09993186 0.09983193 0.10009379]\n[0.10008982 0.09999019 0.1000357  0.10000229 0.10006399 0.09997286\n 0.09997882 0.09992351 0.09998027 0.09996255]\n[0.10005818 0.09999656 0.10007494 0.09998471 0.10009121 0.09997203\n 0.09997727 0.099919   0.09993197 0.09999412]\n[0.09997275 0.09998898 0.10006925 0.10000265 0.10007129 0.10003563\n 0.09998488 0.09992648 0.09987955 0.10006853]\n[0.10022456 0.10001692 0.10004724 0.09995322 0.10012612 0.09987218\n 0.09994406 0.0999076  0.1000526  0.0998555 ]\n[0.10021406 0.10001551 0.10004928 0.09995578 0.10012391 0.09987894\n 0.09994522 0.09990752 0.10004539 0.09986437]\n[0.09997697 0.09999087 0.10009428 0.09999864 0.10008791 0.10001157\n 0.09998858 0.09992887 0.09985851 0.1000638 ]\n[0.09994598 0.09997793 0.10007155 0.10002285 0.10005074 0.10004804\n 0.10000252 0.09993502 0.09986078 0.10008459]\n[0.10015172 0.09999271 0.10001245 0.09999834 0.10006091 0.09994574\n 0.09997128 0.09991962 0.10003842 0.0999088 ]\n[0.10022749 0.10001722 0.10004719 0.09995297 0.10012703 0.09987056\n 0.09994306 0.09990708 0.10005402 0.09985337]\n[0.10013082 0.10000688 0.10006525 0.09997015 0.10011109 0.09992522\n 0.09996122 0.0999152  0.09998034 0.09993383]\n[0.10018669 0.10001214 0.10005262 0.09996183 0.10011806 0.09989501\n 0.09995121 0.09991097 0.10002428 0.09988719]\n[0.10015999 0.10001011 0.10006    0.09996504 0.10011641 0.09990847\n 0.0999555  0.09991306 0.10000141 0.09991001]\n[0.10007423 0.09997531 0.1000543  0.09998147 0.10002852 0.1000105\n 0.10000167 0.0998803  0.10003623 0.09995747]\n[0.10022279 0.10001662 0.10004776 0.09995398 0.10012609 0.09987344\n 0.09994403 0.0999075  0.10005039 0.09985739]\n[0.10022772 0.10001719 0.10004719 0.09995286 0.10012709 0.09987043\n 0.09994305 0.09990709 0.10005414 0.09985324]\n[0.09998156 0.09996845 0.10007313 0.10000212 0.10005563 0.10004263\n 0.10000827 0.09991382 0.09992504 0.10002935]\n[0.10001768 0.09998859 0.10003694 0.10000586 0.10007215 0.10002227\n 0.10000584 0.09992443 0.09987303 0.10005322]\n[0.09995465 0.09998935 0.10009698 0.10000395 0.10008257 0.10002519\n 0.09999309 0.09992976 0.09984296 0.1000815 ]\n[0.10000075 0.09999172 0.10008306 0.09998815 0.10007994 0.10000662\n 0.09999548 0.09992676 0.09987347 0.10005403]\n[0.10007747 0.100004   0.10006876 0.09997273 0.10009859 0.09995104\n 0.09997752 0.09992544 0.09995342 0.09997103]\n[0.100029   0.09999489 0.10008019 0.09999167 0.1000906  0.09998516\n 0.09998059 0.099925   0.09990357 0.10001933]\n[0.09998832 0.09998349 0.10005912 0.1000106  0.10008084 0.10002935\n 0.10000244 0.09992902 0.09984926 0.10006757]\n[0.10022068 0.10001513 0.10004454 0.09995672 0.10012161 0.09987703\n 0.09994547 0.09990817 0.10005218 0.09985848]\n[0.10022762 0.10001719 0.10004718 0.09995292 0.10012706 0.09987051\n 0.09994304 0.09990708 0.10005409 0.09985332]\n[0.10022747 0.10001713 0.10004707 0.09995299 0.10012695 0.09987067\n 0.09994315 0.09990712 0.10005398 0.09985347]\n[0.10020545 0.10001085 0.10003914 0.09996488 0.10011008 0.09989103\n 0.09995063 0.09991046 0.10004771 0.09986977]\n[0.10015425 0.10000386 0.10005182 0.09994383 0.10009032 0.09992958\n 0.09998353 0.09991768 0.09997809 0.09994704]\n[0.10020756 0.10001249 0.10004264 0.09996206 0.10011475 0.09988709\n 0.09994862 0.0999097  0.10004651 0.09986858]\n[0.10018373 0.10001193 0.10005398 0.09995949 0.10011647 0.0998978\n 0.09995372 0.09991118 0.10001933 0.09989236]\n[0.10001224 0.09999425 0.10008626 0.09999275 0.100092   0.09999248\n 0.09998303 0.09992601 0.09988725 0.10003373]\n[0.10002529 0.10012043 0.09999497 0.10014628 0.10004702 0.09997405\n 0.09990954 0.09987767 0.10000735 0.09989741]\n"
    }
   ],
   "source": [
    "for data in data_arr[:100]:\n",
    "    print(nn.predict(data))"
   ]
  },
  {
   "cell_type": "code",
   "execution_count": null,
   "metadata": {},
   "outputs": [],
   "source": []
  }
 ]
}